       1979.5417      168.042      3.00000
       1980.5417      176.417      3.00000
       1981.5417      184.908      3.00000
       1982.5417      192.983      3.00000
       1983.5417      202.075      3.00000
       1984.5417      210.650      3.00000
       1985.5417      223.183      3.00000
       1986.5417      234.325      3.00000
       1987.5417      247.333      3.00000
       1988.5417      259.601      3.00000
       1989.5417      268.987      3.00000
       1990.5417      274.005      3.00000
       1991.5417      276.673      3.00000
       1992.5417      277.912      3.00000
       1993.5417      278.412      3.00000
       1994.5417      277.163      3.00000
       1995.5417      272.572      3.70481
       1996.5417      271.436      3.00000
       1997.5417      269.124      3.00000
       1998.5417      267.188      3.00000
       1999.5417      264.986      3.00000
       2000.5417      264.416      3.00000
       2001.5417      262.903      3.00000
       2002.5417      259.913      3.00000
       2003.5417      257.711      3.00000
       2004.5417      255.770      3.00000
       2005.5417      253.733      3.00000
       2006.5417      250.440      3.00000
