      1979.50      15.4848      7.74240
      1980.50      15.4848      7.74240
      1981.50      15.4848      7.74240
      1982.50      15.4848      7.74240
      1983.50      15.4848      7.74240
      1984.50      15.4848      7.74240
      1985.50      15.4848      7.74240
      1986.50      15.4848      7.74240
      1987.50      15.4848      7.74240
      1988.50      15.4848      7.74240
      1989.50      15.4848      7.74240
      1990.50      15.4848      7.74240
      1991.50      15.4848      7.74240
      1992.50      15.4848      7.74240
      1993.50      15.4848      7.74240
      1994.50      15.4848      7.74240
      1995.50      15.4848      7.74240
      1996.50      15.4848      7.74240
      1997.50      15.4848      7.74240
      1998.50      15.4848      7.74240
      1999.50      15.4848      7.74240
      2000.50      15.4848      7.74240
      2001.50      15.4848      7.74240
      2002.50      15.4848      7.74240
      2003.50      15.4848      7.74240
      2004.50      15.4848      7.74240
      2005.50      15.4848      7.74240
      2006.50      15.4848      7.74240
