      1979.50      58.4196      29.2098
      1980.50      58.4196      29.2098
      1981.50      58.4196      29.2098
      1982.50      58.4196      29.2098
      1983.50      58.4196      29.2098
      1984.50      58.4196      29.2098
      1985.50      58.4196      29.2098
      1986.50      58.4196      29.2098
      1987.50      58.4196      29.2098
      1988.50      58.4196      29.2098
      1989.50      58.4196      29.2098
      1990.50      58.4196      29.2098
      1991.50      58.4196      29.2098
      1992.50      58.4196      29.2098
      1993.50      58.4196      29.2098
      1994.50      58.4196      29.2098
      1995.50      58.4196      29.2098
      1996.50      58.4196      29.2098
      1997.50      58.4196      29.2098
      1998.50      58.4196      29.2098
      1999.50      58.4196      29.2098
      2000.50      58.4196      29.2098
      2001.50      58.4196      29.2098
      2002.50      58.4196      29.2098
      2003.50      58.4196      29.2098
      2004.50      58.4196      29.2098
      2005.50      58.4196      29.2098
      2006.50      58.4196      29.2098
