      1979.50     -1.00000     0.200000
      1980.50     -1.00000     0.200000
      1981.50     -1.00000     0.200000
      1982.50     -1.00000     0.200000
      1983.50     -1.00000     0.200000
      1984.50     -1.00000     0.200000
      1985.50     -1.00000     0.200000
      1986.50     -1.00000     0.200000
      1987.50     -1.00000     0.200000
      1988.50     -1.00000     0.200000
      1989.50     -1.00000     0.200000
      1990.50     -1.00000     0.200000
      1991.50     -1.00000     0.200000
      1992.50     -1.00000     0.200000
      1993.50     -1.00000     0.200000
      1994.50     -1.00000     0.200000
      1995.50     -1.00000     0.200000
      1996.50     -1.00000     0.200000
      1997.50     -1.00000     0.200000
      1998.50     -1.00000     0.200000
      1999.50     -1.00000     0.200000
      2000.50     -1.00000     0.200000
      2001.50     -1.00000     0.200000
      2002.50     -1.00000     0.200000
      2003.50     -1.00000     0.200000
      2004.50     -1.00000     0.200000
      2005.50     -1.00000     0.200000
      2006.50     -1.00000     0.200000
