      1979.50      15.2436      7.62180
      1980.50      15.2436      7.62180
      1981.50      15.2436      7.62180
      1982.50      15.2436      7.62180
      1983.50      15.2436      7.62180
      1984.50      15.2436      7.62180
      1985.50      15.2436      7.62180
      1986.50      15.2436      7.62180
      1987.50      15.2436      7.62180
      1988.50      15.2436      7.62180
      1989.50      15.2436      7.62180
      1990.50      15.2436      7.62180
      1991.50      15.2436      7.62180
      1992.50      15.2436      7.62180
      1993.50      15.2436      7.62180
      1994.50      15.2436      7.62180
      1995.50      15.2436      7.62180
      1996.50      15.2436      7.62180
      1997.50      15.2436      7.62180
      1998.50      15.2436      7.62180
      1999.50      15.2436      7.62180
      2000.50      15.2436      7.62180
      2001.50      15.2436      7.62180
      2002.50      15.2436      7.62180
      2003.50      15.2436      7.62180
      2004.50      15.2436      7.62180
      2005.50      15.2436      7.62180
      2006.50      15.2436      7.62180
