      1979.50      179.287      89.6436
      1980.50      179.287      89.6436
      1981.50      179.287      89.6436
      1982.50      179.287      89.6436
      1983.50      179.287      89.6436
      1984.50      179.287      89.6436
      1985.50      179.287      89.6436
      1986.50      179.287      89.6436
      1987.50      179.287      89.6436
      1988.50      179.287      89.6436
      1989.50      179.287      89.6436
      1990.50      179.287      89.6436
      1991.50      179.287      89.6436
      1992.50      179.287      89.6436
      1993.50      179.287      89.6436
      1994.50      179.287      89.6436
      1995.50      179.287      89.6436
      1996.50      179.287      89.6436
      1997.50      179.287      89.6436
      1998.50      179.287      89.6436
      1999.50      179.287      89.6436
      2000.50      179.287      89.6436
      2001.50      179.287      89.6436
      2002.50      179.287      89.6436
      2003.50      179.287      89.6436
      2004.50      179.287      89.6436
      2005.50      179.287      89.6436
      2006.50      179.287      89.6436
