      1979.50      100.681      50.3406
      1980.50      100.681      50.3406
      1981.50      100.681      50.3406
      1982.50      100.681      50.3406
      1983.50      100.681      50.3406
      1984.50      100.681      50.3406
      1985.50      100.681      50.3406
      1986.50      100.681      50.3406
      1987.50      100.681      50.3406
      1988.50      100.681      50.3406
      1989.50      100.681      50.3406
      1990.50      100.681      50.3406
      1991.50      100.681      50.3406
      1992.50      100.681      50.3406
      1993.50      100.681      50.3406
      1994.50      100.681      50.3406
      1995.50      100.681      50.3406
      1996.50      100.681      50.3406
      1997.50      100.681      50.3406
      1998.50      100.681      50.3406
      1999.50      100.681      50.3406
      2000.50      100.681      50.3406
      2001.50      100.681      50.3406
      2002.50      100.681      50.3406
      2003.50      100.681      50.3406
      2004.50      100.681      50.3406
      2005.50      100.681      50.3406
      2006.50      100.681      50.3406
