       1979.5417      167.378      3.00000
       1980.5417      176.210      3.06701
       1981.5417      185.580      3.00000
       1982.5417      191.617      3.00000
       1983.5417      199.768      3.00000
       1984.5417      209.361      3.00000
       1985.5417      220.993      3.00000
       1986.5417      232.616      3.00000
       1987.5417      241.818      3.00000
       1988.5417      251.236      3.00000
       1989.5417      258.354      3.00000
       1990.5417      264.354      3.00000
       1991.5417      267.107      3.00000
       1992.5417      266.822      3.00000
       1993.5417      268.265      3.00000
       1994.5417      267.891      3.00000
       1995.5417      266.916      3.00000
       1996.5417      265.816      3.00000
       1997.5417      264.490      3.00000
       1998.5417      263.069      3.00000
       1999.5417      261.381      3.00000
       2000.5417      260.448      3.00000
       2001.5417      258.903      3.00000
       2002.5417      256.577      3.00000
       2003.5417      254.723      3.00000
       2004.5417      252.701      3.00000
       2005.5417      250.516      3.00000
       2006.5417      247.902      3.00000
