       1979.5417      160.938      3.00000
       1980.5417      170.100      3.00000
       1981.5417      178.600      3.00000
       1982.5417      185.450      3.00000
       1983.5417      195.842      3.00000
       1984.5417      204.933      3.00000
       1985.5417      216.658      3.00000
       1986.5417      227.033      3.00000
       1987.5417      239.005      3.39698
       1988.5417      250.688      3.00000
       1989.5417      258.285      3.00000
       1990.5417      265.434      3.00000
       1991.5417      270.912      3.00000
       1992.5417      273.283      3.00000
       1993.5417      273.536      3.00000
       1994.5417      272.549      3.00000
       1995.5417      272.214      3.00000
       1996.5417      271.299      3.00000
       1997.5417      270.109      3.00000
       1998.5417      267.544      3.00000
       1999.5417      265.682      3.00000
       2000.5417      263.853      3.00000
       2001.5417      261.365      3.00000
       2002.5417      259.005      3.00000
       2003.5417      256.865      3.00000
       2004.5417      254.862      3.00000
       2005.5417      252.759      3.00000
       2006.5417      247.568      3.00000
