       1979.5417      163.083      3.35116
       1980.5417      173.217      3.26101
       1981.5417      180.217      3.00000
       1982.5417      188.800      3.08750
       1983.5417      198.733      3.17461
       1984.5417      206.575      3.00151
       1985.5417      218.042      3.23611
       1986.5417      229.167      3.02350
       1987.5417      241.658      3.45587
       1988.5417      254.400      3.01350
       1989.5417      262.467      3.05895
       1990.5417      268.317      3.02232
       1991.5417      271.834      3.08540
       1992.5417      273.911      3.00000
       1993.5417      273.701      3.00000
       1994.5417      274.145      3.00000
       1995.5417      273.146      3.00000
       1996.5417      271.304      3.00000
       1997.5417      268.951      3.00000
       1998.5417      266.967      3.00000
       1999.5417      264.601      3.00000
       2000.5417      263.932      3.00000
       2001.5417      263.254      3.00000
       2002.5417      260.733      3.00000
       2003.5417      258.014      3.00000
       2004.5417      255.051      3.00000
       2005.5417      252.956      3.00000
       2006.5417      247.827      3.00000
