       1979.5417      152.175      3.00000
       1980.5417      160.642      3.00000
       1981.5417      169.908      3.00000
       1982.5417      178.750      3.00000
       1983.5417      187.542      3.00000
       1984.5417      196.558      3.00000
       1985.5417      208.175      3.00000
       1986.5417      218.283      3.00000
       1987.5417      228.458      3.00000
       1988.5417      238.758      3.00000
       1989.5417      250.042      3.00000
       1990.5417      256.800      3.00000
       1991.5417      263.404      3.00000
       1992.5417      268.325      3.00000
       1993.5417      270.273      3.00000
       1994.5417      271.123      3.00000
       1995.5417      270.263      3.00000
       1996.5417      267.710      3.00000
       1997.5417      266.176      3.00000
       1998.5417      264.536      3.00000
       1999.5417      261.940      3.00000
       2000.5417      260.993      3.00000
       2001.5417      259.468      3.00000
       2002.5417      257.582      3.00000
       2003.5417      255.117      3.00000
       2004.5417      253.401      3.00000
       2005.5417      251.246      3.00000
       2006.5417      251.389      3.00000
