       1979.5417      152.892      6.79845
       1980.5417      162.083      3.43425
       1981.5417      175.999      3.10513
       1982.5417      187.650      4.05437
       1983.5417      190.200      4.18882
       1984.5417      195.017      3.00000
       1985.5417      209.375      3.00000
       1986.5417      219.575      3.91743
       1987.5417      227.962      3.00000
       1988.5417      236.075      3.00000
       1989.5417      247.119      3.00000
       1990.5417      256.106      3.00000
       1991.5417      262.221      3.00000
       1992.5417      266.244      3.00000
       1993.5417      268.452      3.00000
       1994.5417      268.360      3.00000
       1995.5417      266.745      3.00000
       1996.5417      265.871      3.00000
       1997.5417      265.008      3.00000
       1998.5417      263.893      3.00000
       1999.5417      262.898      3.00000
       2000.5417      261.739      3.00000
       2001.5417      260.214      3.00000
       2002.5417      258.183      3.00000
       2003.5417      255.877      3.00000
       2004.5417      253.966      3.00000
       2005.5417      251.797      3.00000
       2006.5417      248.598      3.00000
